[gd_scene load_steps=7 format=3 uid="uid://c8qr0j14pd0k0"]

[ext_resource type="Script" path="res://player.gd" id="1_aulik"]

[sub_resource type="StandardMaterial3D" id="StandardMaterial3D_g8v2y"]
cull_mode = 2
shading_mode = 0
albedo_color = Color(0.921569, 0.027451, 0.309804, 1)

[sub_resource type="PlaneMesh" id="PlaneMesh_8s568"]
material = SubResource("StandardMaterial3D_g8v2y")
size = Vector2(1, 1)
subdivide_width = 2
subdivide_depth = 3

[sub_resource type="CapsuleShape3D" id="CapsuleShape3D_dxadm"]
radius = 0.4
height = 2.5

[sub_resource type="StandardMaterial3D" id="StandardMaterial3D_b8eou"]
transparency = 1
shading_mode = 0
albedo_color = Color(1, 0, 0, 0.223529)

[sub_resource type="CapsuleMesh" id="CapsuleMesh_3xssu"]
radius = 0.4
height = 2.5

[node name="Player" type="CharacterBody3D"]
collision_layer = 2
collision_mask = 13
script = ExtResource("1_aulik")

[node name="Armature" type="Node3D" parent="."]
transform = Transform3D(-0.122429, -1.07031e-08, 4.67847e-16, 0, -5.35154e-09, -0.122429, 1.07031e-08, -0.122429, 5.35154e-09, 0, 0, 0)

[node name="RayCast3D" type="RayCast3D" parent="Armature"]
transform = Transform3D(-2.042, 7.80319e-15, 1.78517e-07, -1.78517e-07, -8.92583e-08, -2.042, -5.92058e-22, -2.042, 8.92583e-08, 1.58409e-14, -1.81198e-07, -4.14534)
target_position = Vector3(0, 0, -8)
collision_mask = 13

[node name="Skeleton3D" type="Skeleton3D" parent="Armature"]
bones/0/name = "Root"
bones/0/parent = -1
bones/0/rest = Transform3D(1, 1.30945e-23, -2.13163e-13, -1.30945e-23, 1, 1.39563e-36, 2.13163e-13, 1.39563e-36, 1, -4.1764e-05, -0.806369, 0.844726)
bones/0/enabled = true
bones/0/position = Vector3(-4.1764e-05, -0.806369, 0.844726)
bones/0/rotation = Quaternion(0, -1.06581e-13, -6.54723e-24, 1)
bones/0/scale = Vector3(1, 1, 1)
bones/1/name = "Master"
bones/1/parent = 0
bones/1/rest = Transform3D(-1, -8.24192e-24, 1.50996e-07, -8.24192e-24, 1, 1.65436e-23, -1.50996e-07, 1.65436e-23, -1, 1.46266e-13, -2.96791e-08, -0.160109)
bones/1/enabled = true
bones/1/position = Vector3(1.46266e-13, -2.96791e-08, -0.160109)
bones/1/rotation = Quaternion(-4.12096e-24, 1, 8.27181e-24, 7.54979e-08)
bones/1/scale = Vector3(1, 1, 1)
bones/2/name = "Base"
bones/2/parent = 1
bones/2/rest = Transform3D(-1, 8.33798e-22, -3.89414e-07, 8.33798e-22, 1, 4.30136e-23, 3.89414e-07, 4.30132e-23, -1, 1.91613e-06, -1.17064, 12.6899)
bones/2/enabled = true
bones/2/position = Vector3(1.91613e-06, -1.17064, 12.6899)
bones/2/rotation = Quaternion(4.16899e-22, 1, 2.15067e-23, -1.94707e-07)
bones/2/scale = Vector3(1, 1, 1)
bones/3/name = "Stomach"
bones/3/parent = 2
bones/3/rest = Transform3D(1, 2.37545e-07, -0.0005679, 0.000565703, -0.0883013, 0.996094, -4.99097e-05, -0.996094, -0.0883013, 6.84066e-13, 2.16771, 9.45328e-07)
bones/3/enabled = true
bones/3/position = Vector3(6.84066e-13, 2.16771, 9.45328e-07)
bones/3/rotation = Quaternion(-0.737666, -0.000191801, 0.00020938, 0.675166)
bones/3/scale = Vector3(1, 1, 1)
bones/4/name = "Chest"
bones/4/parent = 3
bones/4/rest = Transform3D(1, 5.15064e-05, -2.34034e-06, -5.15064e-05, 0.995879, -0.0906929, -2.34057e-06, 0.0906929, 0.995879, -1.50067e-10, 2.38071, 4.7933e-08)
bones/4/enabled = true
bones/4/position = Vector3(-1.50067e-10, 2.38071, 4.7933e-08)
bones/4/rotation = Quaternion(0.0453932, 5.85096e-11, -2.57798e-05, 0.998969)
bones/4/scale = Vector3(1, 1, 1)
bones/5/name = "Neck"
bones/5/parent = 4
bones/5/rest = Transform3D(0.999994, -3.7795e-06, -0.00355359, 2.74284e-05, 0.999978, 0.00665492, 0.00355348, -0.00665498, 0.999972, 2.72848e-12, 2.17149, 4.35559e-10)
bones/5/enabled = true
bones/5/position = Vector3(2.72848e-12, 2.17149, 4.35559e-10)
bones/5/rotation = Quaternion(-0.0033275, -0.00177678, 7.80204e-06, 0.999993)
bones/5/scale = Vector3(1, 1, 1)
bones/6/name = "Head"
bones/6/parent = 5
bones/6/rest = Transform3D(0.999992, 1.75311e-05, 0.00412146, -3.63798e-12, 0.999991, -0.00425358, -0.0041215, 0.00425355, 0.999982, -1.81899e-11, 1.10671, 8.217e-09)
bones/6/enabled = true
bones/6/position = Vector3(-1.81899e-11, 1.10671, 8.217e-09)
bones/6/rotation = Quaternion(0.00212679, 0.00206075, -4.3828e-06, 0.999996)
bones/6/scale = Vector3(1, 1, 1)
bones/7/name = "Hat"
bones/7/parent = 6
bones/7/rest = Transform3D(1, -2.7285e-11, -5.58794e-09, 2.72848e-11, 1, -3.0576e-08, 5.58794e-09, 3.0576e-08, 1, 6.09165e-12, 2.28078, 7.97583e-10)
bones/7/enabled = true
bones/7/position = Vector3(6.09165e-12, 2.28078, 7.97583e-10)
bones/7/rotation = Quaternion(1.5288e-08, -2.79397e-09, 1.36425e-11, 1)
bones/7/scale = Vector3(1, 1, 1)
bones/8/name = "Collar_L"
bones/8/parent = 4
bones/8/rest = Transform3D(-0.390021, 0.906877, 0.159556, -0.920778, -0.385455, -0.0599344, 0.00714867, -0.170292, 0.985368, 0.537408, 1.98075, 0.205521)
bones/8/enabled = true
bones/8/position = Vector3(0.537408, 1.98075, 0.205521)
bones/8/rotation = Quaternion(-0.0501647, 0.0692793, -0.830789, 0.549975)
bones/8/scale = Vector3(1, 1, 1)
bones/9/name = "UpperArm_L"
bones/9/parent = 8
bones/9/rest = Transform3D(0.933881, -0.356765, 0.024177, 0.352933, 0.908759, -0.2227, 0.0574806, 0.216508, 0.974587, -6.40321e-07, 1.20459, 9.87202e-08)
bones/9/enabled = true
bones/9/position = Vector3(-6.40321e-07, 1.20459, 9.87202e-08)
bones/9/rotation = Quaternion(0.104827, 0.022943, -0.366853, 0.924069)
bones/9/scale = Vector3(1, 1, 1)
bones/10/name = "LowerArm_L"
bones/10/parent = 9
bones/10/rest = Transform3D(0.999731, 0.022665, 0.00492897, -0.0230011, 0.996143, 0.0846724, -0.00299086, -0.084763, 0.996397, -2.11211e-06, 3.7753, -1.11759e-08)
bones/10/enabled = true
bones/10/position = Vector3(-2.11211e-06, 3.7753, -1.11759e-08)
bones/10/rotation = Quaternion(-0.0423999, 0.00198187, -0.0114276, 0.999033)
bones/10/scale = Vector3(1, 1, 1)
bones/11/name = "Hand.L"
bones/11/parent = 10
bones/11/rest = Transform3D(0.998319, -0.0577688, -0.00462931, 0.057615, 0.997936, -0.0283744, 0.00625892, 0.02806, 0.999587, 9.22329e-07, 3.37995, 0)
bones/11/enabled = true
bones/11/position = Vector3(9.22329e-07, 3.37995, 0)
bones/11/rotation = Quaternion(0.014116, -0.00272347, 0.028861, 0.99948)
bones/11/scale = Vector3(1, 1, 1)
bones/12/name = "Collar_R"
bones/12/parent = 4
bones/12/rest = Transform3D(-0.390029, -0.907069, -0.158437, 0.920778, -0.385455, -0.0599344, -0.00670568, -0.169262, 0.985548, -0.537174, 1.98075, 0.206131)
bones/12/enabled = true
bones/12/position = Vector3(-0.537174, 1.98075, 0.206131)
bones/12/rotation = Quaternion(-0.0496928, -0.068967, 0.830818, 0.550015)
bones/12/scale = Vector3(1, 1, 1)
bones/13/name = "UpperArm_R"
bones/13/parent = 12
bones/13/rest = Transform3D(0.933881, 0.356765, -0.0241769, -0.352933, 0.908759, -0.2227, -0.0574806, 0.216508, 0.974587, -1.26736e-06, 1.20459, 3.91155e-08)
bones/13/enabled = true
bones/13/position = Vector3(-1.26736e-06, 1.20459, 3.91155e-08)
bones/13/rotation = Quaternion(0.104827, -0.022943, 0.366853, 0.924069)
bones/13/scale = Vector3(1, 1, 1)
bones/14/name = "LowerArm_R"
bones/14/parent = 13
bones/14/rest = Transform3D(0.999731, -0.022665, -0.00492897, 0.0230011, 0.996143, 0.0846725, 0.00299086, -0.084763, 0.996397, 1.08345e-06, 3.7753, 3.72529e-08)
bones/14/enabled = true
bones/14/position = Vector3(1.08345e-06, 3.7753, 3.72529e-08)
bones/14/rotation = Quaternion(-0.0423999, -0.00198187, 0.0114276, 0.999033)
bones/14/scale = Vector3(1, 1, 1)
bones/15/name = "Hand.R"
bones/15/parent = 14
bones/15/rest = Transform3D(0.998319, 0.0577688, 0.00462932, -0.057615, 0.997936, -0.0283744, -0.00625892, 0.02806, 0.999587, -2.8027e-08, 3.37995, -7.45058e-09)
bones/15/enabled = true
bones/15/position = Vector3(-2.8027e-08, 3.37995, -7.45058e-09)
bones/15/rotation = Quaternion(0.014116, 0.00272348, -0.028861, 0.99948)
bones/15/scale = Vector3(1, 1, 1)
bones/16/name = "Pelvis"
bones/16/parent = 2
bones/16/rest = Transform3D(-1, -2.38e-07, 4.42726e-05, 4.41806e-05, 0.0592723, 0.998242, -2.86172e-06, 0.998242, -0.0592724, 6.84066e-13, 2.16771, 9.45328e-07)
bones/16/enabled = true
bones/16/position = Vector3(6.84066e-13, 2.16771, 9.45328e-07)
bones/16/rotation = Quaternion(1.50951e-05, 0.727761, 0.685831, 1.61915e-05)
bones/16/scale = Vector3(1, 1, 1)
bones/17/name = "Thigh_L"
bones/17/parent = 16
bones/17/rest = Transform3D(0.994165, -0.00314433, -0.107824, 0.00562102, 0.999727, 0.0226735, 0.107724, -0.0231473, 0.993911, -1.09937, 1.17306, -0.323749)
bones/17/enabled = true
bones/17/position = Vector3(-1.09937, 1.17306, -0.323749)
bones/17/rotation = Quaternion(0.033402, 0.251343, 0.0100155, 0.96727)
bones/17/scale = Vector3(1, 1, 1)
bones/18/name = "LowerLeg_L"
bones/18/parent = 17
bones/18/rest = Transform3D(0.953055, 0.0102744, 0.302623, -0.0149089, 0.999804, 0.0130084, -0.30243, -0.0169095, 0.953021, -3.67872e-08, 4.91012, 2.98023e-08)
bones/18/enabled = true
bones/18/position = Vector3(-3.67872e-08, 4.91012, 2.98023e-08)
bones/18/rotation = Quaternion(-0.0761515, 0.152322, -0.0641005, 0.983306)
bones/18/scale = Vector3(1, 1, 1)
bones/19/name = "Thigh_R"
bones/19/parent = 16
bones/19/rest = Transform3D(0.994155, 0.00314229, 0.107912, -0.00562103, 0.999727, 0.0226735, -0.107811, -0.0231475, 0.993902, 1.09934, 1.17306, -0.323846)
bones/19/enabled = true
bones/19/position = Vector3(1.09934, 1.17306, -0.323846)
bones/19/rotation = Quaternion(0.033402, -0.2513, -0.0100171, 0.967281)
bones/19/scale = Vector3(1, 1, 1)
bones/20/name = "LowerLeg_R"
bones/20/parent = 19
bones/20/rest = Transform3D(0.953055, -0.0102744, -0.302623, 0.0149089, 0.999804, 0.0130084, 0.30243, -0.0169095, 0.953021, -1.36439e-07, 4.91012, -5.96046e-08)
bones/20/enabled = true
bones/20/position = Vector3(-1.36439e-07, 4.91012, -5.96046e-08)
bones/20/rotation = Quaternion(-0.076152, -0.152322, 0.064101, 0.983306)
bones/20/scale = Vector3(1, 1, 1)
bones/21/name = "LegLK_L"
bones/21/parent = 1
bones/21/rest = Transform3D(-1, -2.26143e-19, 0.000254164, -2.25349e-19, -1, -1.77639e-15, 0.000254164, -1.77639e-15, 1, -1.08365, 0.967346, 0.835869)
bones/21/enabled = true
bones/21/position = Vector3(-1.08365, 0.967346, 0.835869)
bones/21/rotation = Quaternion(0.000127082, -8.88193e-16, 1, 1.98507e-22)
bones/21/scale = Vector3(1, 1, 1)
bones/22/name = "LegLK_R"
bones/22/parent = 1
bones/22/rest = Transform3D(-1, 2.25074e-19, -0.000253862, 2.25868e-19, -1, -1.77633e-15, -0.000253862, -1.77633e-15, 1, 1.08365, 0.967346, 0.835869)
bones/22/enabled = true
bones/22/position = Vector3(1.08365, 0.967346, 0.835869)
bones/22/rotation = Quaternion(-0.000126931, -8.88164e-16, 1, 1.98528e-22)
bones/22/scale = Vector3(1, 1, 1)
bones/23/name = "IKLegPole.L"
bones/23/parent = -1
bones/23/rest = Transform3D(-0.994488, -1.11022e-16, 0.104854, -1.09798e-16, 1, 1.74456e-17, -0.104854, 5.83666e-18, -0.994488, 1.11475, 1.53785, -5.90824)
bones/23/enabled = true
bones/23/position = Vector3(1.11475, 1.53785, -5.90824)
bones/23/rotation = Quaternion(-5.52814e-17, 0.998621, 5.82861e-18, 0.0524994)
bones/23/scale = Vector3(1, 1, 1)
bones/24/name = "IKLegPole.R"
bones/24/parent = -1
bones/24/rest = Transform3D(-0.994488, -1.11022e-16, -0.104854, -1.09798e-16, 1, -1.74456e-17, 0.104854, -5.83666e-18, -0.994488, -1.11483, 1.53785, -5.90824)
bones/24/enabled = true
bones/24/position = Vector3(-1.11483, 1.53785, -5.90824)
bones/24/rotation = Quaternion(5.52814e-17, -0.998621, 5.82861e-18, 0.0524994)
bones/24/scale = Vector3(1, 1, 1)

[node name="LeftHandAttachment" type="BoneAttachment3D" parent="Armature/Skeleton3D"]
transform = Transform3D(-0.89942, 0.437084, 0.00102432, 0.00113957, 1.46776e-06, 1, 0.437084, 0.899421, -0.00049944, 4.45679, 0.103138, -9.32857)
bone_name = "Hand.L"
bone_idx = 11

[node name="Cloth" type="SoftBody3D" parent="Armature/Skeleton3D/LeftHandAttachment"]
transform = Transform3D(-5.39652, 0.00683756, 2.6225, 2.6225, 8.95231e-06, 5.39652, 0.00614586, 5.99999, -0.00299644, 8.08578, 6.44231, -0.112362)
mesh = SubResource("PlaneMesh_8s568")
collision_layer = 2
collision_mask = 15
simulation_precision = 15
total_mass = 950.01
linear_stiffness = 0.2
pressure_coefficient = 1.0
damping_coefficient = 0.06
pinned_points = [16, 17, 18, 19]
attachments/0/point_index = 16
attachments/0/spatial_attachment_path = NodePath("..")
attachments/0/offset = Vector3(4.07627, 5.0553, -0.10779)
attachments/1/point_index = 17
attachments/1/spatial_attachment_path = NodePath("..")
attachments/1/offset = Vector3(5.87511, 4.18114, -0.109839)
attachments/2/point_index = 18
attachments/2/spatial_attachment_path = NodePath("..")
attachments/2/offset = Vector3(7.67395, 3.30697, -0.111888)
attachments/3/point_index = 19
attachments/3/spatial_attachment_path = NodePath("..")
attachments/3/offset = Vector3(9.47279, 2.4328, -0.113936)

[node name="CollisionShape3D" type="CollisionShape3D" parent="."]
transform = Transform3D(1, 0, 0, 0, 1, 0, 0, 0, 1, 0, 1.25, 0)
shape = SubResource("CapsuleShape3D_dxadm")

[node name="MeshInstance3D" type="MeshInstance3D" parent="."]
transform = Transform3D(1, 0, 0, 0, 1, 0, 0, 0, 1, 0, 1.25, 0)
material_override = SubResource("StandardMaterial3D_b8eou")
mesh = SubResource("CapsuleMesh_3xssu")
